4451
2941
4208
7343
5170
6375
12456
5036
5286
3849
7093
3835
8977
6701
8666
6237
11118
6170
2687
8517
12683
5558
9430
7975
4761
7373
2567
11647
10151
3604
6705
2915
5544
12296
2679
2919
3054
7277
7520
10698
12223
5966
4169
2880
8490
6828
10418
11769
10498
6072
3868
4485
8002
5756
4218
10510
5160
9957
9811
6176
8796
7286
11014
2827
7824
3382
5228
4479
2861
7738
5138
10236
8815
8646
6443
4175
2818
5136
11973
6855
7204
7528
5353
2786
8344
11549
4634
3404
8480
7541
4755
8229
6270
11501
10358
9744
10576
3538
4677
6989
8433
10300
9959
12298
7314
7663
3765
11578
4353
7799
6842
7127
9593
6545
12610
5372
7456
7602
12688
4734
11741
3901
7659
3724
3821
8400
8280
11249
5725
11229
12613
12555
5282
6106
5488
7765
6206
12777
2865
12356
9549
5257
8016
5625
2968
6992
10676
2764
2807
7742
4647
3389
7657
11239
6449
10391
7561
10891
4044
3112
10447
5439
10821
2622
12452
9881
8662
9397
7474
5588
4584
5428
6463
12675
6505
2623
12760
10730
3103
7412
4033
8055
9162
12638
12002
11999
6466
2612
9926
8939
10782
10484
7089
5277
5344
6617
4574
3216
7608
4997
10235
11763
4232
2922
4790
12656
7112
10316
12726
2611
10496
4550
6541
7008
12390
2960
6235
3523
9262
10901
8759
4571
12079
9326
9950
10039
8522
8854
10619
11194
7570
3151
9416
11885
5759
4310
9322
4016
11675
11463
7299
10566
2656
11459
11166
10760
12597
9540
11082
10922
8322
3419
8148
12435
3368
11908
6384
5058
9442
4497
6544
3863
8664
2925
3423
12156
10027
5702
5150
8655
5113
5285
3925
2700
4429
4597
9528
11209
12126
6678
7051
2737
12053
11258
7913
6652
6704
7579
10875
11319
8985
10183
4132
10507
8425
12463
10485
12697
8084
2581
6792
6436
10439
11110
6632
4191
10435
10460
7686
7321
3493
3484
4652
12039
8886
4441
5475
5511
3942
5885
7135
8722
3495
6085
8587
10065
9637
11708
12492
4101
6932
4282
10074
6236
7884
9385
7858
11149
3809
3041
4380
7216
4567
6823
8986
12090
4736
7461
9348
10811
4946
3910
12501
3651
3483
7648
10319
10919
11860
7737
5880
10587
3838
8808
10188
6773
6120
12181
12522
5059
9449
7212
8535
7702
6354
4216
7022
2774
8222
3156
10021
3616
11800
7941
8869
12454
3714
10056
11874
10207
9003
6050
4438
8677
3105
12631
3367
9010
2797
7428
12347
10083
2950
10192
4904
5080
4109
3580
4811
6914
5608
9782
10455
5382
12418
10898
4476
9579
3861
10852
4192
10376
3935
11795
8921
9954
12081
6174
5208
7556
7871
7209
7349
9334
2654
8637
12321
11505
12660
10893
3902
3261
6489
4740
9460
8140
6089
12521
10757
4770
7366
9047
8872
12623
10669
5525
6329
8339
12137
4281
5874
2572
8534
9186
11724
10264
9694
11959
3432
10476
5095
11164
10175
8971
9252
5598
5323
9523
5049
4832
12172
5660
5854
11181
4395
5615
9699
5687
11661
9984
8706
6527
9253
7285
8205
4531
7425
12698
3807
2756
7017
11052
10967
12550
6655
8606
6880
5102
10242
8783
8318
9360
5107
6746
7835
10795
8032
8469
7422
10231
6450
9779
11201
4034
11967
6672
10938
7484
9481
3652
4703
6077
2808
6084
11694
10690
6554
10961
6500
2982
3583
11112
9306
11329
8896
10722
5841
7077
2785
10213
12193
11550
5513
10650
3088
7205
10996
7040
10735
11631
10384
4704
4648
6491
3955
10607
3187
4757
2936
4010
3658
10754
8975
9734
6220
5646
3666
2879
11806
5947
8567
12097
7847
7184
8254
8393
5294
10831
5716
4700
9698
8970
8169
7457
10480
8239
8593
9732
12331
9981
11718
4895
9009
5227
7586
8594
9198
6419
9595
7333
9335
12342
2592
10866
5762
10441
10161
7604
12013
12195
6234
3363
5406
7562
11526
5603
9275
8202
8850
3392
3723
10307
11844
8705
6380
10488
6850
4154
7632
8458
3449
6116
9414
3989
11508
8571
9877
6849
8546
7782
6699
7650
4521
8009
9689
11290
10299
12695
8972
12395
11683
5920
4693
3633
9435
2735
7543
9155
3810
12066
6269
6275
11486
3152
11595
6196
10896
10106
3154
11041
12652
3818
5390
11902
11274
10357
9742
2987
11270
4708
8113
2910
6201
4048
5818
6097
8800
11746
12504
12230
3804
6555
3562
11556
10646
6510
3671
4287
6833
10345
8984
6482
4137
7621
8026
10442
7515
12790
7391
3519
7176
4744
10305
8154
3944
5806
4210
11428
7792
5250
9532
10107
11451
6501
10348
3950
5895
6764
6159
12058
6871
7899
5468
8942
5070
9352
9796
11287
10511
3574
2641
4956
3824
8760
4326
5223
3044
7278
9401
10028
3394
6369
3602
7883
7155
5163
6831
4534
10253
8810
5329
5524
12560
6277
5052
8550
7937
7559
7371
8533
7245
10127
12727
5926
7876
11717
5914
7332
10991
9353
5732
7468
10135
7961
4334
6940
3945
3232
10684
3612
5640
4088
7731
9823
2829
11524
4525
10778
11203
11642
7907
3340
10343
4046
9707
7129
5193
7762
8198
7268
11107
11362
2765
6133
6553
10799
5992
10317
4079
12572
10272
4526
2746
6760
8863
4486
10361
9988
8572
10112
3478
3279
7374
3914
8868
5494
5708
3441
2744
11729
12591
8060
8900
4774
11887
3355
5828
3638
10847
5239
12537
12275
7470
5139
6512
2593
5587
11712
11801
9324
8824
8784
10370
7431
5956
6796
5977
5426
9240
4721
2844
5556
7091
8849
11829
3969
6815
8005
7104
10050
7061
7195
6702
2585
4258
4955
9411
4163
9673
2983
2742
8527
2990
2959
6618
6884
4269
11842
7441
6738
3971
12219
5304
6144
6300
3750
5957
6975
9922
8386
4865
7719
5701
11029
10960
5189
12671
4052
6060
9750
3763
5320
7622
6846
11037
5586
5424
2578
6083
8644
8363
6656
11449
10229
4569
10430
3209
2921
11617
5039
9677
4965
5201
5067
3696
6753
7108
9059
4842
3921
7512
7908
9912
5352
3470
3962
4808
11198
11238
11157
4819
11900
5530
6474
12711
3799
2971
7224
5206
4797
3416
6771
6854
7026
9400
12578
5009
10012
8909
6788
3217
12519
4452
3995
12525
2657
5551
6221
10169
9175
4205
6397
4841
10655
7839
11187
8131
5737
9395
7772
11965
3430
4000
12458
6386
7046
8551
3243
4382
10117
10995
4077
9605
5650
6926
4345
10277
7075
7229
12442
9781
3431
7595
3403
10846
4198
11831
11116
8419
10662
2677
10131
8603
10741
10606
6787
9447
7459
11660
12264
11415
7141
6056
10825
10725
11084
12499
10667
11646
9806
4470
3277
10721
6296
5979
9331
4130
10124
5343
6266
6822
9196
3755
3796
10647
12164
11031
8785
4288
5693
5672
7381
12644
11489
7898
5993
7166
8175
11006
11034
3379
4420
9705
5131
12529
5349
4084
8489
3330
10364
5204
12712
8436
9828
9606
6890
7723
5288
12068
11294
11177
6669
6087
8390
12782
10220
11766
11226
12763
11420
2821
3195
9016
5196
6925
2881
9688
7151
3725
12074
11126
11872
5618
3650
11787
5132
8293
5135
8119
12654
10508
8528
7214
2770
7649
7423
9444
6784
7987
5834
5666
6364
4882
7551
11285
10914
11098
11398
5449
2717
3338
7376
5746
8761
3545
3879
5365
7154
9346
9438
5961
11251
7071
10610
12400
9603
10000
3502
3887
9050
8039
9504
12182
5912
7872
3859
10659
10737
11880
3797
11592
11691
10941
11079
8867
2734
7390
8059
2896
8717
9484
12478
12378
8213
4268
4296
9903
11309
5507
11386
7946
6038
2994
11010
7020
10793
4739
6536
7355
12796
4854
5783
8278
11777
7714
4922
12639
10686
3091
4555
5245
3873
6896
4200
10297
10080
11532
4643
4327
3486
6366
8641
6009
3964
2689
7242
8574
4410
2799
4360
8529
5370
8605
7894
8086
10747
10857
9274
5118
8842
3052
9937
5308
3042
8123
8767
10247
9846
7534
8461
5463
11670
10574
7825
7207
11450
9748
4527
3679
11737
5719
10936
3336
6118
7494
9512
2741
12562
8135
5303
12155
7507
5047
5247
6802
4592
4763
8349
8160
10848
11114
11751
11129
7582
10055
5715
8526
3417
5088
8090
12743
2629
8243
8118
10621
11616
10085
5153
5955
12441
8989
9810
8515
9304
4754
2614
5048
11044
7743
11095
2760
4747
6355
2956
8395
12406
6622
9709
5114
6020
8377
5348
6018
3070
6283
4168
6402
4850
9433
11461
4646
8356
10254
7523
9138
8095
11168
11193
6681
11090
4686
9100
8560
8120
5998
9121
4863
8630
11851
10166
12785
5028
3281
11977
5934
12431
12538
8599
7669
9178
3262
10987
10128
5948
11351
8052
4944
11584
12089
4263
7464
4171
10238
9365
11906
9169
3541
3472
11849
6049
8682
6677
9919
3990
5171
12105
8746
10733
12791
3037
9725
3248
7747
3531
5739
12408
2929
3614
8345
8617
3741
3600
4222
12567
9889
8570
8865
7318
4745
6517
9491
3320
7710
7094
3030
5376
4242
3323
5492
10813
6395
9704
4093
4090
4877
3670
11762
3896
8927
12107
11060
11679
11105
3605
12627
10458
10826
6016
9850
8613
5459
8960
8543
6103
6514
12626
2843
4447
8876
9371
6095
3521
8475
4907
8402
9958
11174
5321
12031
9807
7326
4979
3675
7387
11659
8962
11922
10693
3145
9849
7378
8790
12000
11273
8672
12065
10925
6766
8558
6415
11447
3851
2917
8011
9244
3221
10172
11154
12672
12293
6282
3565
6146
12152
8224
9769
5599
12563
3093
11979
4023
6032
6562
3820
6398
12569
9656
12016
7148
7442
11560
4398
7790
4333
4533
7662
4064
5864
8744
4484
7134
9876
11435
11313
12786
11322
6240
11564
7749
10805
6642
2690
9552
11341
9479
3032
6041
4810
7116
7977
11378
6951
4408
6191
9083
9043
5757
10854
2625
3700
8531
6154
8952
9215
12204
12629
2615
4444
12789
3505
8797
10051
6550
2961
9870
4087
5339
8100
8935
10425
10002
4350
6547
8733
12318
2822
11231
9590
11178
11027
10656
11184
5550
12129
9995
4973
3303
3573
3056
5105
5542
5117
8360
7976
6826
8212
5083
12020
5317
8990
8629
9339
3993
4349
7131
12696
9693
9282
4278
11581
7370
5984
5749
12691
6714
4886
7715
9860
10324
8051
7776
7106
5923
4847
12516
3791
8292
10038
2682
7090
12258
6336
12663
5446
12118
5516
4453
10796
4558
7187
11940
7817
6230
5064
9545
6497
6302
6684
7746
10717
8373
11612
4253
7329
9867
8478
6373
7275
8025
2845
5869
4856
8302
9756
10359
5006
7317
3556
12221
7771
11485
3316
8870
9109
7117
3888
5327
6674
6713
7929
8182
9536
10295
10173
3158
11348
4339
6297
11733
8021
5711
8510
9818
10900
6434
5989
4031
2732
12312
9993
11669
4503
5194
8835
9173
11701
12251
3748
7701
8351
4022
3625
4628
4442
6878
4675
11248
10368
3559
7563
7255
7186
5419
3207
12231
3752
12024
4742
11133
9897
6371
3131
12446
3870
10360
9217
8233
3733
12544
2574
7656
4135
9577
5061
3564
8831
11091
5852
12160
5568
5531
4601
12514
5673
10490
12486
12606
5613
3159
4328
9126
3176
7588
12465
10834
10715
4427
11572
8470
5780
4781
11307
9219
10640
3407
9291
8145
4796
11148
12634
11934
11412
5486
7281
12533
11474
3634
9526
5336
7280
8285
9566
12655
6718
12725
8578
4449
5437
8953
3850
11255
6516
11618
6834
10078
2933
6943
5945
11477
9634
8828
12714
10767
9246
6682
7768
11180
7247
8434
9154
7496
11136
8657
11197
11715
4086
7487
9408
6868
2825
4397
8786
9180
3920
12315
11619
3977
5829
12091
8465
2951
7110
2928
9112
10377
8920
11343
6168
9822
12772
12622
11159
7493
3662
6322
7640
5354
10969
4471
3672
12543
9527
7107
10921
5779
10780
12598
8925
5656
11841
6627
9194
11318
6957
12177
6119
6543
9678
12132
3143
8355
11990
11911
8065
5472
12641
6635
10636
6232
10535
10337
4174
9440
10861
11593
7703
3376
11861
7979
9708
6494
11492
7613
7074
2669
4294
5763
2945
4989
11625
2573
11025
9789
10265
9420
6872
8147
10584
8338
4530
8536
12523
7704
10902
10536
3304
6080
4366
6187
5016
8502
5939
6429
8046
11870
11028
4962
3212
5416
3991
6747
6203
9763
12438
10679
12423
11547
3072
2597
11883
5905
11330
7237
9557
2595
10346
6807
9163
6058
4662
7232
7956
7890
11722
10580
8830
4315
6308
7161
7985
12218
2806
3689
3703
3161
7524
12505
3613
4494
12190
11393
6675
3805
10765
4749
10185
8384
4607
8161
12648
11296
8359
6346
11980
6708
8678
7398
9097
11425
4699
11303
3246
9431
3956
5847
5959
11853
2722
9288
9965
3467
4925
11387
3360
9192
10663
9079
6246
7312
12650
10837
4637
10950
12376
2857
5491
3865
12173
8812
3100
7598
5736
6945
11997
10599
8316
7003
3832
5754
10294
11267
8380
4890
7986
3122
12212
5324
11948
9120
7430
7300
9437
3695
10701
9284
6506
5495
11644
4501
4666
9249
11983
9127
6768
8499
2978
6185
3673
5405
12093
10550
12471
7553
4228
5800
6090
9683
11394
7779
12096
8833
11905
5902
9153
10934
12637
8388
11089
8037
6720
3853
9452
9450
6315
8826
11527
12717
9224
11511
5628
11875
5185
8326
4227
10742
10981
11374
8643
5364
3999
5563
10716
6511
9522
4858
11366
4206
7716
10644
7099
7197
3271
4037
9686
7911
8132
7086
8097
7638
12208
7360
8936
8809
11903
8642
8374
4279
8901
5411
8616
6797
7420
8718
3793
9311
5499
9842
12450
8411
3593
6609
12072
9093
6182
7433
4204
5684
2908
10513
9856
3327
5109
6472
12238
4605
6332
5035
11879
8703
3758
12582
11005
8653
4462
11265
4902
4065
11859
8008
10575
2966
4917
3106
11111
8940
4613
3139
4415
6062
8186
10362
5595
12575
4971
8537
9042
6974
3095
8889
5164
4264
5730
8130
5734
4892
11135
2884
8775
4346
7785
6888
7928
2954
9102
8165
5379
9486
11830
7879
10973
8552
11032
2914
5378
8634
6650
9651
5585
4958
3413
12360
8674
8685
9864
3073
3778
6579
11892
5888
6653
9478
4012
8768
8258
3688
4626
3362
4678
7480
7803
6921
5068
3513
6011
3643
10956
7012
10868
9327
2962
11952
3500
6023
11847
3657
12202
7322
12367
8190
2839
4692
3561
8982
6289
11533
7577
12075
8745
12209
4100
12404
6137
4667
3718
3833
11300
2973
3237
4784
4876
6596
5014
2893
9375
7316
8579
12571
6950
12701
5225
8252
4529
9199
7357
8064
12624
8448
3525
10375
4356
4723
6027
6158
5149
2745
7036
5873
8306
4391
4161
12348
4730
11699
11199
5269
7226
2676
5493
10040
9759
9483
8271
3787
10057
10933
8880
5927
4136
5545
4980
11384
6268
5431
12719
7328
9910
11221
2824
12744
12341
6711
7513
10395
5958
6124
12267
6751
7284
6552
7926
4091
10863
4994
6401
11283
11916
6229
8348
11016
11077
10275
7880
8582
12430
12467
6031
9560
6438
11292
2995
3308
10378
8848
5801
4407
7190
7837
6668
9665
2646
7855
4593
8369
11389
9197
3016
9992
10011
6456
10190
5597
11601
9747
2831
6473
2833
7720
5931
4751
5883
12496
8723
5980
4786
3298
6046
12721
12795
12749
4207
11935
3968
3834
3120
5287
6413
8922
4653
9535
4645
12636
6599
7873
10593
6165
4504
7755
8893
4401
10044
12201
9938
3707
10468
3006
9148
8362
6258
9754
6663
4591
7251
3550
10054
6612
5240
3480
5827
2767
8406
9490
6513
4155
8999
3705
8281
4542
2714
3191
6141
10379
7070
3167
9370
10677
2819
6661
6776
10752
12379
2710
9989
4546
10137
4182
12780
11085
11109
9081
4423
7774
8997
11151
6105
12179
5192
10030
11645
11253
5850
3599
5975
11747
6330
3325
5363
11734
6108
8902
5407
8110
4765
4506
3773
4225
3660
11938
12649
4329
8428
9650
3566
12617
8048
2875
5224
10167
12026
9874
6901
3339
12709
4656
7823
4337
9158
4260
4528
7845
10592
9072
10942
3026
8763
5056
3226
7486
4872
7510
10025
10089
5620
3381
9730
2726
11266
6152
8817
5576
3299
4270
5962
10888
2703
7308
4306
4636
5145
12740
6730
6492
3450
3010
11380
9034
10753
11611
8244
5485
6021
11725
10389
11942
3875
9302
11323
5290
5161
11968
8116
6148
9123
6614
4844
11873
3839
6319
7157
4254
12690
3847
11169
4565
6795
9530
7535
10046
4058
8955
5922
2870
7741
8731
11276
10195
3903
12475
5074
3983
3784
12764
12508
9727
10673
8501
4181
12384
3175
9259
6829
11538
8289
6524
2888
2663
12527
8178
8950
11794
11655
3436
11689
12407
8493
9840
5704
8834
9189
7341
10134
6694
3202
12187
11295
11707
8583
2719
9389
3659
11152
3115
9640
12451
9914
7450
11561
7194
6953
3024
7683
10285
12466
11349
4551
4746
4454
8729
9436
11936
2605
7882
4685
4780
2561
9804
10937
12236
4502
7320
10776
11062
8401
11994
6671
6163
4495
7658
5162
11306
5698
4017
6616
4975
8036
12422
7403
9848
8353
4897
6752
12552
9852
5221
7335
3444
11946
3815
7273
7409
7574
7011
8085
7305
6626
7892
3617
8668
10564
6630
3854
3066
12327
4032
3357
4966
7416
4359
11951
10614
3003
4687
11211
10983
5375
6367
5997
11453
9350
11001
4322
4927
11190
9065
9983
11195
10623
4600
10310
6659
3830
4977
7102
8030
4164
3451
11013
10892
8680
9313
8576
12270
6600
4806
8158
6798
11531
6243
10530
10475
7404
4833
9767
9915
10713
6649
3453
4996
8361
10538
9985
6998
4265
5054
7359
6267
5502
7307
11828
11789
12628
7171
9616
9629
8454
8251
5535
11528
7200
11623
6700
9265
5464
9977
6793
10997
5649
11757
6811
11974
8965
11867
2738
11716
12010
6002
10626
7700
3744
12324
3269
3709
11443
5395
11943
8688
3981
6756
4338
4824
10806
3276
9726
10645
8840
9638
10533
10572
4014
8471
11656
6875
7354
5781
9508
2743
8623
2901
3043
9057
5935
11003
3422
6079
7290
5300
4237
3537
4289
9144
10215
5578
9685
3479
7711
2828
4510
2866
5671
11648
8249
4324
3063
6528
6559
11848
6781
10930
4312
4716
8144
11438
3163
10555
6151
6166
4239
7631
2858
10784
9247
8737
5724
3134
11439
6759
12344
11710
7866
2809
3943
7080
9970
11987
9344
6214
3894
8368
4598
7023
4538
11210
5283
8948
12401
10603
12194
7848
5871
12354
5137
12737
8612
8260
7501
6073
7270
7568
10243
7665
8782
3719
5655
8545
3482
12282
12329
10017
5443
9701
10558
3184
11517
6937
9882
7296
9358
11144
8554
5458
5668
5441
12585
8693
10873
10843
8762
11372
9347
12489
7170
8200
9710
12163
9470
2560
4640
9631
7625
11897
12734
5103
7678
8511
10122
4789
9968
2754
10462
3215
8755
3710
5357
7400
9520
6254
11786
4505
3059
8418
11347
4983
12352
11583
9182
12121
12113
10144
7587
3117
7828
3192
11537
7167
2887
12150
11881
8791
7537
7162
6971
11796
2750
7641
2842
7096
8346
9014
10975
6349
6977
3905
9746
2775
2681
3871
8752
9443
2684
5555
7846
10743
2628
9619
3655
9547
11843
8966
3740
4364
9868
9243
5420
9661
6647
8820
4219
3473
2630
3568
3738
8787
3121
5913
9885
5707
2751
9851
3911
9007
7830
6340
8027
7885
11327
5630
9628
4403
4140
4458
8958
5845
7136
10802
7138
2869
6721
3005
7402
2604
3334
6791
11805
8266
10595
5350
10154
9106
10756
5040
3099
3050
2619
12055
7680
4936
10750
7392
5815
8044
10164
12662
6710
8409
5631
6135
12559
7217
5175
12153
4606
2653
4843
12659
5281
10526
5773
10042
11566
10276
9969
11512
6457
10018
4992
2993
12022
3711
11754
2639
10341
8740
3747
8701
11007
10951
9314
11888
7816
6697
6628
9338
3015
7384
4402
4589
10463
7889
4217
9715
10810
7291
2841
12143
4074
10271
8126
8236
11367
8294
9055
10344
10952
5903
7532
3941
9588
11585
12102
4195
10597
9229
3128
8814
12747
10506
5846
5158
6585
6195
6949
3560
6569
5022
11964
5936
11008
5526
5728
7804
10696
7888
6331
12625
4295
3350
5766
3286
5685
9205
10187
6790
2792
12191
9410
7440
9086
10929
9056
11117
2803
12368
2817
3542
11639
10634
9739
5500
9200
5484
8861
6578
2813
9783
6070
8749
11588
9149
10517
7066
4456
3164
7045
2634
6388
8358
10233
11328
9766
7084
11704
5714
3708
6763
3094
8054
5549
5826
7182
4089
4009
6421
10992
11259
3795
10953
9553
12645
3906
2927
9567
11495
7485
4896
6092
5645
6761
12609
9660
4695
6162
4029
3113
9563
4805
4050
4520
2779
4659
8823
11731
5436
2890
12794
5377
8743
4587
7965
5606
11216
7763
5669
4817
12587
8614
3067
4924
2795
4118
10907
10446
10330
8993
2979
11406
3691
12272
3097
11563
3490
3169
3458
5106
11173
6202
6916
7672
10945
5202
12086
6601
9085
5639
9248
12363
11558
6651
4368
9924
4133
8333
4284
7465
9398
12710
4610
11833
8372
12512
9488
5255
6712
11827
3456
5450
8087
11652
6931
9184
7748
12078
8460
8413
3351
4122
4298
5775
11882
9843
9703
5863
3985
3904
8269
10426
8332
8915
11919
12235
10174
6982
12111
10209
4616
3988
12453
4717
12232
10913
9195
10129
3074
4663
6568
3801
9064
10367
2707
12580
9421
7388
4880
4563
5621
4184
8317
4005
4293
7807
5700
11163
8166
7436
8262
11506
11600
7567
2624
8866
9778
7033
12393
12670
7249
8874
7697
5972
7225
10204
3506
8263
11628
11483
4816
2852
6754
5999
5752
5527
10041
10702
9280
2988
5878
11668
4457
7038
7925
4767
4475
12762
10356
10108
9393
6915
2610
3414
5033
11046
12619
9001
11120
4898
7178
5541
12336
3229
3129
10487
6076
9559
3132
10649
10100
11772
2725
7156
3606
10990
2972
10751
10703
11609
5252
10388
5851
6295
9260
9953
5261
8588
4144
9735
8325
5805
10514
8586
3665
12754
5408
6495
7555
12088
4993
7386
9218
11278
12405
9213
3497
4459
3504
10581
12030
2874
4003
5422
3764
10180
12420
12171
3086
12353
11241
10954
7645
12103
5662
12265
7292
6005
6010
7958
8941
5230
5392
3533
12067
3930
4875
8287
12608
11966
12495
8153
4491
5258
3585
5547
9377
12517
3443
8645
7192
10121
3534
9561
9765
8111
8503
11466
10165
8449
3771
7554
9835
5729
7254
3242
3464
7160
8716
6581
2907
7865
4658
5360
6318
8133
7072
11333
6107
7547
11039
2802
4001
11081
10125
2986
8067
3581
8747
5699
6424
8018
5005
11519
5124
10160
9612
7013
11072
4080
3370
10421
11633
3825
11913
9255
12323
2699
4641
6003
4932
6657
10339
3107
7591
5726
11038
3205
8389
9718
5796
12481
12062
4117
5165
7064
6435
11753
10486
2647
9775
7438
5438
11053
10079
9900
8286
4129
5607
5985
5187
8443
4060
10304
4041
2718
6692
2662
9555
8595
12756
7854
5877
4978
6889
2771
12491
8838
10023
5358
12309
10402
12005
10970
5451
5761
8382
11932
10707
10193
8452
8109
6067
6257
5211
12415
10329
3928
9657
3354
2667
7002
4829
9191
10927
10588
5141
12335
7454
6531
10568
4344
4019
10709
7793
12703
2648
10419
11385
9986
10003
6323
2878
11000
6427
7624
5215
10363
5932
9080
10099
6748
4262
7301
12724
11092
12429
12149
9472
5798
10694
7462
3553
6303
11798
6785
7477
5514
11375
3965
8561
6468
6693
8798
10226
6194
3535
2755
12017
11825
3311
3199
2935
8174
9758
11803
3610
4123
7938
9791
11049
4097
7356
9268
7827
9609
10292
3852
8062
5573
6633
7989
10306
9485
10964
7253
10781
5723
11667
8518
4365
9188
4024
3882
3197
10351
4849
4532
9296
4963
10979
8610
3893
7244
5876
5589
7163
9691
10126
10454
9092
12095
11115
10628
2599
4413
9388
8383
6024
6719
6391
6986
9755
4425
8859
3463
9923
12468
2706
9187
6929
6029
10773
6227
4073
10171
9972
5262
6184
3206
9222
5694
4821
5144
6213
12707
4612
10472
4126
10988
9533
11059
6416
4720
6493
5791
8607
3013
8352
4570
3883
2575
5073
7509
7350
3377
12416
11918
6145
6030
9544
2616
4376
11654
6271
11775
9551
12268
11818
3912
7143
2613
6273
5582
3803
8544
6396
12370
2565
5859
7955
9662
6540
8961
3296
8769
3518
7365
7863
3324
5356
10867
6215
6978
10594
8387
8444
9621
7189
6954
10699
3087
6979
4500
3194
7639
3961
8114
11852
12681
12765
12700
10712
6549
3302
11810
2579
5222
8327
9141
4894
10583
7198
6740
3462
5147
9464
12271
6183
11728
11608
5413
7900
8704
9613
7053
12687
7346
3060
9594
11033
3940
9538
11975
4070
7801
5709
10168
7999
11047
9496
11311
4619
11972
10561
9301
11334
7566
10157
2854
8483
12513
11653
7095
10807
9070
8992
4369
2704
2637
8102
3345
5868
5341
5184
3598
11106
8003
12369
9463
9366
10191
12779
8615
7109
7267
6298
6853
9827
8911
4741
6410
7348
6247
5539
5071
7610
12330
12612
10211
11369
3683
8193
10635
10159
5522
2980
10257
10194
7789
6276
7820
9793
6006
2816
3954
10214
7775
9208
6111
6739
11289
3347
3934
8944
3411
5596
12739
6598
11370
10985
10262
8273
5094
2872
12705
10284
3877
9181
11582
9546
8375
3647
2855
6564
12531
2794
6279
5557
11808
11048
5244
10434
10590
9879
12302
9862
9131
6812
5398
8770
10287
5481
11736
7988
12664
10889
3998
11488
2903
10551
4275
4650
12440
9005
11877
5670
6955
4325
11257
6178
9227
7935
4110
11597
3398
7103
11838
3274
9245
5886
3864
7490
3667
9809
8988
3539
3886
11155
10759
8598
9654
6224
8771
3433
3817
7261
4432
5122
10832
2747
10457
7993
9646
4400
2791
11061
5658
9655
11634
5611
10381
3186
9894
7821
5001
4969
4246
5811
12774
10399
10911
9918
4889
9861
8764
10895
9329
3783
4193
7065
4055
8295
5867
9000
10915
4801
9943
5284
7546
10849
8951
10483
9333
12642
3909
12082
6462
7692
10332
11202
8058
2715
5179
4388
11280
9752
4985
11035
4419
10036
3986
6689
5254
9320
9167
10788
9363
9534
3040
5421
11051
10416
3626
5933
8907
12410
10452
8946
6345
9855
3608
3445
11541
6981
6898
6961
8473
3009
3526
6337
8591
4267
5076
9741
8307
7867
9863
4119
4878
10994
12364
4923
7770
9873
8754
5904
6208
3424
8399
3946
10255
5115
4336
6066
6417
12411
11562
9277
2778
3558
11471
11465
7049
10461
3474
6883
11696
6113
8658
4884
8274
8905
11962
8548
12437
7924
3064
10132
9902
2716
8684
4705
4340
7231
2631
11368
6190
11567
8115
9813
6485
4176
7959
5680
10839
4147
9257
9417
10353
9185
5391
2892
7744
5030
12778
5469
10398
3987
2894
7923
4972
10980
8980
5248
7589
12548
3880
10872
8028
3620
10675
5361
10940
11215
3823
9955
8794
4297
7606
10828
10943
9299
12052
8945
5368
9279
6576
2796
12443
11690
4383
8370
10544
10932
5642
4577
10281
10957
3594
3900
4743
4539
2793
12731
7969
11971
4277
4481
2885
9119
3267
6161
4197
4203
11764
9990
11863
3982
9019
7670
11742
12283
7805
10140
4725
9468
8019
10048
7922
6181
7063
12520
5140
12069
12008
5930
5461
9895
5865
2838
3761
8778
4061
5681
4355
11297
11200
10532
3717
8879
3693
5112
4585
11141
10638
3085
9584
4706
12680
9948
3571
8621
2568
3649
10505
4871
11242
2918
10186
10481
11413
6393
9069
12162
7856
7067
9777
9067
9237
6631
12063
5644
4689
3349
4374
12240
9015
10984
6952
10935
10141
5908
8237
8013
3856
8636
11460
7455
11455
11502
6923
5190
6470
10609
4309
10282
4235
5347
8151
7168
6310
10897
3409
12358
10181
5128
6088
5041
7188
7558
10633
10947
3802
2591
7688
12759
11437
7113
4379
9757
9893
2912
8914
8973
3927
4698
4893
9142
7219
10278
9961
10013
9305
12159
3321
3333
6557
11312
11821
7196
10516
12596
5653
4370
7756
11063
4933
11720
7323
10643
5973
7124
5101
9519
12175
10674
4727
10668
7851
4414
3697
3090
9477
9729
7288
3193
9681
5553
10380
8494
11613
4127
6786
8931
7736
6604
6222
5552
11832
7119
8679
11140
3678
7596
10035
4276
5915
11552
7145
8227
10392
3141
3048
5803
8715
6519
10045
9826
3922
4468
7146
10771
5313
5897
5937
3001
5641
7078
12532
5721
8215
9209
3544
3098
12148
6051
12004
11497
8185
2943
6830
12432
9917
9936
7674
11765
12621
4883
9264
10993
9524
4103
8656
9572
11876
2814
9387
9359
3018
10537
11264
9391
2632
11785
3822
10681
8899
12677
9493
4404
4151
12245
3348
6966
11167
10724
10552
7533
12346
4170
3611
7139
10156
2609
5482
10682
3661
9117
12124
11672
9266
11864
10596
9292
2811
9516
10882
3992
4948
12469
9114
5233
9278
3249
11087
10216
12213
12295
11894
3876
3053
6837
12518
12658
11354
4007
11557
9210
9731
8883
8924
7424
4196
10949
3153
5251
8549
4838
10685
4138
5821
3970
10309
2674
2895
4609
10524
11302
7997
11822
5554
9390
11525
12614
9674
10205
11598
8299
8455
6057
11240
8949
6819
6324
8187
11350
12665
3425
9427
10092
8040
11472
6359
6418
5008
9946
2998
11823
8080
9571
5104
3704
3997
7949
11067
12169
7947
10965
8188
11949
9448
10791
5292
7488
11247
5383
4728
10731
8789
9771
12413
4152
4426
4982
11293
12011
8757
8577
10711
5332
6859
5872
12280
5916
4482
10016
3994
6941
5768
6441
6725
7076
8056
4291
7310
4920
5444
4575
12657
3406
2651
7592
7791
11643
5735
3731
3848
4477
11252
4511
12464
9764
10269
12669
10540
4581
7580
3727
12771
8498
8837
6845
8017
6715
8173
10244
3503
4085
8702
9077
8933
9166
7679
7916
8410
11687
8681
4783
11587
8829
12412
7802
12009
11340
3130
3402
3266
9373
6358
9659
6783
11778
12141
11458
6960
2618
2836
5340
5594
11050
6025
12553
7516
8968
12706
9467
10405
4231
8998
5366
7336
5272
6481
9355
10206
12292
12524
10845
4519
12678
8208
4148
9998
10327
9110
8232
9419
12060
9644
4682
3648
7125
11403
11054
3776
4071
10904
3640
7654
7707
8474
5942
7062
5404
4142
5988
5127
7615
2889
7915
5120
11185
9633
9096
5037
8673
2940
8104
4301
7864
3522
10196
5659
6335
3996
9394
10322
2996
10924
10228
4906
6867
10280
6993
6264
3939
7009
2688
11122
7927
7399
8235
3512
3630
9361
10689
4536
5710
11304
5297
8858
5496
11927
5045
8753
6983
8329
3779
6405
6789
7759
6263
5534
5692
3570
12581
3586
5371
4063
8098
5713
2701
3957
10629
7578
6503
7264
7964
5667
9236
4153
12220
4866
4951
8807
9130
7764
6065
2736
4417
8654
5434
8836
5536
12693
6755
11554
8156
7914
11096
12784
9409
5479
6529
8497
11807
3491
8957
4067
12183
2695
3008
11262
11542
5243
10221
7018
11813
8730
12084
7542
8819
7025
5198
9147
11432
12337
8589
8029
8416
4385
10401
11743
2670
11671
7331
10672
3035
9105
7347
11640
10865
4377
4576
8847
11950
6535
8822
7690
5231
4321
5019
11481
6897
6347
4062
5870
2989
8053
5100
7058
9033
3421
4319
4472
9091
7467
12738
11086
7489
4870
4178
10095
5964
4939
9041
11208
8365
11673
8220
5633
3428
4430
4286
4611
3937
11026
11376
8525
12570
5601
8575
9576
10823
6239
5831
5092
6293
8423
12685
11275
5814
9869
12746
12073
6171
5584
8694
3592
5712
10986
11771
9562
12433
9451
6458
9589
5275
12419
11978
3047
4059
7682
3976
12436
3227
6225
8149
3273
11331
8397
4068
8843
5901
10033
7021
5133
11529
6471
5053
2898
6376
5875
8315
5688
7340
3587
3189
11901
10114
12110
3828
5401
10801
11969
8007
3263
12276
6125
9231
5316
3341
3978
3038
3622
12036
5452
11056
3234
4657
6664
9456
10005
5691
11377
10312
7274
7514
5750
8943
8088
3872
11165
6064
7893
10920
4226
4015
7265
5355
6620
7706
6311
5619
10582
9406
7752
9591
7087
9510
12428
4707
11256
11745
8462
7628
7353
6947
8288
3819
6377
6638
8878
4967
4342
10410
5278
4212
3257
5546
11388
7722
6341
3654
6422
5289
5830
7530
10390
3858
3231
9737
12244
3080
3760
8890
4848
7967
10531
3501
7910
4815
6305
6477
2958
10387
10761
6870
10494
7565
6824
9036
11954
7426
7052
5996
9601
3371
3635
11904
8261
7179
5123
10386
3440
7992
6052
9293
5986
6687
9736
11139
9028
7044
9228
5804
9499
4092
10318
9816
3514
4461
8071
7857
12247
12334
12214
11988
2588
3642
11944
7041
5454
10766
9330
9053
8272
5399
6942
12503
11339
12138
6309
11233
10407
3253
8639
4323
8505
11383
5890
3756
7960
7408
7223
10417
9062
4313
8364
3420
4559
3884
12043
5024
8069
10449
4357
10728
12249
4988
5881
9312
11130
5647
4862
2926
8439
12775
12051
3631
11045
5837
7806
11989
4102
8750
8311
4915
12351
3892
4474
12269
10615
7539
8168
7375
9453
5200
6406
7948
12044
12025
4718
7751
11355
10431
3653
9570
3058
11914
8043
6909
12262
4633
8279
7361
3984
6963
5380
4159
9118
3331
9128
3936
11137
4683
6750
5480
10373
8697
2602
4515
8476
4230
11714
11650
10704
4214
7437
8686
4285
12109
12494
8335
9088
9289
12256
10543
7294
6938
2789
11212
10087
11937
5833
6121
11543
7954
5445
11188
4166
2931
12444
4308
5125
5334
5626
7257
7962
12593
6741
5604
7334
11291
4389
5879
2607
9345
6446
6522
11030
5772
9610
11589
4273
8341
3272
7739
6188
8103
3218
6026
11023
8928
2849
3951
5205
2752
4185
8633
3317
10443
6903
6372
8647
11161
5900
5199
4053
3729
4028
7627
4145
10632
9029
7970
3706
10999
9307
10349
3236
6440
9046
3481
11015
9030
10928
6964
8431
5635
4556
6099
3869
4635
6645
7617
8846
5466
11058
9060
8381
3300
3627
8319
10567
5928
3208
7971
2953
9174
10842
5453
7083
3572
11452
9221
12402
6935
7414
6454
10136
12180
8247
9024
5663
10152
10072
4165
11515
8076
9892
11630
4013
8727
7909
10859
8539
5784
10546
4465
8093
11727
4748
10745
11666
8492
11915
10409
5217
3295
5686
12424
11732
8853
5474
3646
5614
2680
3110
10082
9008
3829
4812
12365
12285
4522
6209
11651
5797
4756
6102
12447
8256
2850
10029
10591
2708
12136
10120
8597
3329
2871
12483
7983
2600
6851
6339
6840
6696
10833
7429
7337
3241
5328
6261
3455
5156
5795
3885
5825
3812
5209
5012
12792
7137
4051
11162
3623
11160
12077
8788
5593
11057
5813
4448
7786
12473
3730
11356
11534
9337
5776
5770
4143
9462
11042
11548
5259
5727
12604
7449
4758
9690
7241
12018
6015
10522
7630
8350
3621
12198
9006
12099
8947
8196
5038
10977
4826
10654
8083
11498
9648
5186
5027
9847
5970
6573
11131
5741
11910
12287
5566
3116
9239
8253
3247
10542
9020
4378
4594
4274
7256
7097
11641
6164
8308
2969
4669
9880
11011
11147
6186
4813
5892
12304
6882
12536
10043
6496
6442
6426
9315
2583
2731
5086
2952
2815
5154
4541
7111
3926
12234
8195
4782
11521
7593
7525
3546
10560
5504
10822
3509
7618
3567
3777
8712
5799
10641
2955
5169
3278
9887
10589
4347
6197
8903
9794
8276
8532
6643
5307
7060
8177
5638
5602
10263
11423
11310
6260
9319
7951
6287
9583
9761
12320
11663
6284
9157
12023
10266
3494
5965
5777
9206
5085
11664
4903
4199
7149
2713
4399
9786
11094
9854
5960
6455
9465
12266
7508
9369
2985
11478
10493
11448
4513
7694
6990
4437
3663
12509
3185
6770
12751
4885
9038
11513
11379
8000
2658
11467
8412
4632
7575
6911
3972
7266
4373
11434
8024
12045
5322
11677
6680
8197
9853
3358
4959
9283
3361
12281
3615
12374
9920
3762
5991
11688
3034
10008
4620
3475
7235
3223
6804
5423
9513
10179
4733
6874
9487
8309
3584
11590
6933
5856
4831
11570
11620
6885
10939
6881
4108
6521
10068
8073
11970
4045
4934
8414
7838
11614
4183
10250
12502
9379
6848
5623
7952
9558
6130
4726
5990
10090
4054
9098
10073
6944
6676
8324
8221
9027
6566
6605
9026
5742
12788
7980
10374
4187
9025
2784
4785
7932
12692
12134
12723
12383
10726
3596
10585
10720
11468
5417
5310
12768
4490
10678
12583
6765
2729
2606
12668
8378
2930
10547
11254
7073
6430
4392
3383
3036
12565
2984
4864
11770
4004
2848
7536
11622
7689
6096
3786
7822
8667
6212
12185
4582
9445
10212
3251
2739
12186
12325
10695
10798
11320
7180
7351
5612
3200
8112
7133
7029
6962
2906
8877
7183
12742
6930
5925
4524
7730
9695
6177
10149
7725
8676
9608
6772
3645
8405
5501
7904
10491
8919
7526
6912
7172
3639
10283
11811
4552
2650
3315
5778
11012
5178
8855
2970
7407
4660
5983
4096
3313
6499
9944
11080
2763
9515
11277
9700
7081
10504
12568
11397
3770
10020
11790
10424
3307
9415
8887
10248
5084
12248
5769
6033
11004
3811
9722
2675
11172
6172
12396
11064
3399
8618
12594
10303
11314
11232
3282
5256
9871
9404
12386
10031
4020
3682
4250
8267
5974
7159
10624
7819
11183
9514
5346
6420
12299
9220
11237
10881
5075
3536
6534
6351
10723
11454
9267
12787
10783
10630
5560
3591
8216
3908
6856
10371
11021
3019
5087
7660
11288
3065
12061
3881
4803
9503
11150
5634
6231
11414
6342
4124
10851
9963
6291
3471
5342
6312
5338
10869
8573
11674
4798
5146
8959
9569
2720
4714
5000
5325
7521
5305
8932
4596
10598
3322
7717
11836
2920
3948
11192
3352
6847
12635
7298
5529
2621
5389
9037
12140
5697
11638
10273
3878
3178
5744
4314
10479
12092
4814
6709
4916
4840
11984
9966
11493
5824
4836
9872
5917
4867
6994
2899
7202
9381
11711
11536
6587
10274
3314
8720
5848
10601
6592
12125
11101
7153
3188
6486
12307
3575
8600
11102
11220
3096
5533
4776
12387
3240
3702
7874
8070
6967
6919
10413
6299
6735
8270
9780
8459
12647
6662
4855
9896
7287
7389
9073
9232
8068
12490
7506
9635
3127
11575
7633
3435
9323
6428
4266
2944
10477
11132
5882
8687
11494
5218
3734
11234
4908
2753
7394
11143
2801
10338
4249
8631
7055
8519
2948
4354
4172
5060
11730
6280
4671
11925
12211
8523
2668
9151
10063
12461
11299
6879
3114
4241
10385
5232
12686
7934
5299
8143
5268
9179
10912
10836
5643
6459
4970
10415
10393
11219
3461
7844
8781
8321
10559
4304
11213
11726
6238
6860
3196
5116
12206
7798
6378
3677
11359
10155
8391
9932
5111
10313
4788
2805
6433
5893
5331
11895
6873
9617
4435
11516
5787
12001
8150
5063
7000
4912
3230
12243
12574
9226
8772
9494
3020
11337
12151
5097
7047
7432
8721
11182
11568
6838
5330
7415
4439
8101
4931
10879
6691
10104
6908
3860
8802
8164
2991
12228
3138
11125
6387
7152
3624
11134
10037
2683
12301
3170
12493
7466
9242
5548
7766
3767
6670
9857
8604
11145
9457
10775
6603
3840
3366
4069
3245
12176
4665
6251
4942
4480
2777
5471
9602
9865
4156
9675
10408
2678
10883
10874
7519
3844
5909
6484
12375
12462
11986
4095
6629
11981
8291
12239
7259
6173
7010
7849
7584
12515
10816
8792
4076
4580
12449
10944
9658
6634
10571
11985
3749
9051
6394
12474
4445
10541
9668
4899
5651
8184
6589
7812
11856
12421
5034
9256
7668
10070
3210
8447
6866
4938
5309
6518
8996
7963
3126
5591
10347
3028
12620
6075
4846
6907
3715
6048
11510
6742
6530
9349
7808
4381
9341
12252
12576
7421
4412
7527
11955
5018
8421
7601
10189
4649
12349
10887
11845
2686
11171
6988
12547
10657
7469
8811
9866
12333
6508
8124
6839
4478
12254
11991
10617
10562
10323
4564
10198
12590
7832
10448
9022
10611
3133
5538
9517
10835
12119
11961
3386
9432
3395
6242
7500
9066
11308
3150
7850
6780
6382
7681
4566
3135
7724
8524
8734
3029
12028
12776
5503
5652
3144
6644
7529
4679
12414
8547
11352
6219
8860
9927
3264
7728
10004
12003
3459
5082
7173
3958
2835
6572
8301
3918
9901
2645
4759
8816
8726
12595
5764
11702
10133
10466
12033
7193
8557
9466
9886
8020
6127
9667
3007
12679
10739
7282
11186
7499
2772
8742
7034
11286
8569
7868
11332
11440
4787
5387
7635
8105
4674
8138
5203
9308
4331
5397
3447
6255
3913
7181
11928
4002
4590
10732
6101
3524
10267
3255
9814
2997
11982
9839
11305
9641
10091
10471
5774
4579
11685
5219
4722
9412
2697
11599
4857
7614
7007
6608
9669
9973
4305
11124
11142
6688
8736
10210
10774
12769
4243
11890
5674
12286
10270
5785
8509
9723
10290
7918
7463
10824
6893
7405
4672
6353
4673
3388
12246
8163
6304
5812
9294
4603
8513
10203
9784
8620
8891
9469
10097
5840
12584
10627
9642
11540
9836
11382
7973
5722
7174
9150
3396
3603
4941
9996
3499
6286
5298
3118
10903
4516
7492
11070
8181
3260
10467
8415
8917
9286
3923
11390
7279
5682
9592
8777
7311
7269
8626
2603
5007
7619
2911
2696
9035
9403
11073
3166
10315
5235
11093
4914
6836
3728
12094
9908
3813
7943
2882
7246
11066
3190
5253
12554
9212
3907
3933
3332
6140
6729
4696
8566
6400
8157
5151
10184
8981
8979
8191
11891
3720
7750
4968
4910
8735
6392
10877
12498
11603
10438
6821
6444
3025
6403
3374
12130
5891
10259
6660
3084
8456
2937
10680
9354
7599
11457
12546
9382
11781
9548
8555
12793
6774
9309
7810
5982
3736
7147
7230
6207
5055
5029
6117
5386
7886
4919
11487
11604
12157
9888
7754
9982
4713
6115
7620
7505
4186
9580
11002
6640
4099
5448
10830
10223
12255
6844
2727
8619
6383
8398
5924
7691
12704
3692
7185
7920
4244
4624
2790
10917
3239
5755
3554
11871
5835
3288
10130
7297
4098
10047
8894
5425
12618
12257
7612
6637
4684
2758
3270
12027
5440
4008
5337
4766
5020
9495
9171
9506
6316
6001
3579
3680
8482
5263
9624
8765
2851
5616
9139
2665
4421
10604
6448
8937
8954
6112
10492
12085
8408
5567
7293
6707
3448
6590
7945
10727
10010
8908
4120
2769
3510
8649
6200
7263
5476
4343
6348
4280
10818
5315
8050
10478
6607
5066
12426
9136
10556
9383
6843
10450
10789
4887
8218
7005
4809
4112
3165
4823
12753
10404
6806
8022
10814
4735
7177
11749
8171
2776
5062
2830
11923
4303
2576
10569
12154
9600
4820
10009
8856
6228
9204
6055
10406
12117
11854
9749
3629
8042
3149
6575
5505
4697
8438
5954
11996
6695
6539
12196
7636
12716
6352
7991
8094
7522
5110
6565
7727
11361
12357
3337
9004
6504
7887
7471
2672
2862
10225
12479
11896
6218
11705
7666
4629
6037
5402
3867
6483
5176
7039
5919
9632
8435
6862
5520
8304
8035
10670
3075
11931
10201
3291
4409
8192
5429
9574
3694
8477
8504
3798
9455
9492
10153
11022
9111
6389
5747
6042
2876
6193
5483
8446
4630
9581
9714
11409
5293
3039
9273
9061
9884
8041
6995
11336
6876
5003
6071
6155
7560
9776
6817
11284
6639
6685
4116
9604
11665
8756
4106
10142
7870
9164
8228
9405
4375
6365
5718
3252
9762
8155
4639
6039
4042
10736
8396
12485
9045
8230
3254
6582
9146
3916
9971
7126
9087
10308
4361
3405
5490
6556
8214
6475
4573
6104
2724
8142
5271
9829
3250
7590
6476
8592
4179
9630
5946
11837
8839
3123
11214
7453
4072
8691
12306
4139
9272
6126
12445
6004
7972
3293
7600
6532
12427
8508
12225
12510
6877
5447
12108
9021
10762
9564
7434
7677
6211
7784
8424
9325
7396
4608
2947
11755
12340
10853
12167
6757
4775
11068
6478
3732
11427
12633
7344
7773
4738
2590
8049
8336
7363
11846
9140
9956
11509
5046
12112
5951
4316
10369
5918
10352
10177
12203
9017
6861
4299
11657
10081
12278
10428
12205
4777
12253
9424
10563
8675
8004
6216
8107
10268
10520
5967
7016
12098
5819
7473
8468
11738
6690
2636
9084
4891
4066
12480
5600
10453
12122
3051
6012
8146
3953
12797
6818
9063
4283
8728
5057
5384
3713
11179
11441
2913
9768
8211
9702
11100
3511
5802
5044
10519
12391
3745
4800
5302
4215
11321
3437
8741
11138
12470
2740
6658
6156
9103
9626
8773
6775
8313
6464
4229
12104
7446
7483
8417
10683
11958
5995
3412
7397
11909
12316
10176
10326
5678
7957
10600
8001
9614
7829
8898
6256
9328
6997
11522
6918
6814
6794
3391
5822
2949
3182
3862
10880
8159
10208
7721
5839
11315
10258
12535
8240
5403
10182
10557
7626
6157
9878
3069
7571
5581
2626
6167
6363
12542
3768
8821
7611
6809
11816
9125
3285
2659
7726
3959
9207
9745
2617
3076
11078
6548
6625
7576
9773
2661
12300
6910
6665
2596
3466
9156
6726
7258
3328
11400
6362
3952
4568
4464
2709
9676
12600
12558
10666
3002
4352
2780
11260
9108
6865
7548
11500
9585
8320
9542
4057
5605
12165
7128
8541
8638
6767
6150
6683
7406
7647
4248
6265
3528
9295
9672
8427
4238
6262
10088
5807
9883
8713
4386
2620
4043
4560
10227
9342
5842
7315
10436
5849
6777
5166
7079
8441
9261
8057
3244
6069
11858
8640
10608
9238
12549
3198
7056
4928
6091
7358
3211
4363
9474
2823
3102
11804
3686
2587
11269
5706
7581
7891
8246
4548
4162
2975
8542
7760
7015
6546
7048
12497
10260
10500
8514
3582
10298
6706
7150
7912
7427
5987
4406
7100
10661
11365
6948
12314
6758
6423
8451
10422
11444
12158
3214
12032
8695
11344
9671
12006
12488
8343
9418
6169
4638
9202
5740
6453
9615
4753
12297
5023
5090
12259
8624
12661
7984
7201
9223
3284
7853
6488
10804
2992
10350
3895
12539
4762
5808
4690
9785
8622
4943
12708
8376
11175
9425
3498
6306
6810
6204
8892
10217
6924
11399
9190
7410
11227
10772
3046
2916
12757
8392
8152
8245
12310
10948
11635
8724
12087
9733
4134
6409
11579
11271
7448
9653
8296
5738
5148
10858
11176
4221
7705
4436
12556
12233
4311
9740
11017
2685
9285
6278
3439
10529
3384
3837
4194
2640
4549
6479
12047
11998
8719
11196
3081
11099
7042
4845
10024
10145
2642
12545
2671
11819
8079
10123
10440
5152
8117
7123
9679
2692
4604
5002
4358
3174
10734
4431
10955
6520
11244
10746
5518
8625
7206
8707
10748
2891
11040
8442
8910
5393
7517
3343
10763
9287
8139
11482
3140
5963
5195
4860
8038
7203
10792
9172
8217
2702
9770
2798
4621
9909
10246
8066
12322
7439
11820
7306
5855
12773
7709
7781
4443
9159
10625
3222
9235
7684
9013
9343
3228
6869
10884
6841
10966
12566
10918
7122
12305
6445
5906
9906
5938
12133
7664
8284
6013
4655
7794
9751
5853
9666
4455
5994
9680
6274
6891
3319
5627
7552
10001
3219
4107
6294
9475
3204
12168
9801
6437
6927
6805
4220
11941
3335
5415
6226
4818
11545
8632
11748
4114
2711
3454
10241
4737
5793
11097
9104
3157
6737
4791
7238
9645
5432
6390
6313
3816
4900
7811
3468
7753
6129
5181
12048
9554
9772
7382
8194
3757
7393
10059
9696
8776
5571
7878
10158
6210
11104
11446
12561
4544
12651
11236
3146
9211
10856
7605
5789
5976
11676
5159
5394
5978
8310
6175
5782
5069
11546
10433
7240
5335
10497
10396
6325
4769
3831
5456
8012
8481
8690
5249
2834
9738
6560
7634
10411
4469
8199
2860
10665
5089
3785
6199
10075
10482
5519
4514
6134
3769
9426
7788
4424
6061
11767
8034
6412
5788
11491
6623
3078
8844
9597
4396
9529
10777
3966
8563
9790
5690
10515
9607
8275
10749
12682
7687
4317
10451
2840
10909
2577
11782
8206
10829
8128
4913
10354
6734
6835
9999
9945
8176
11768
12040
3899
3265
10296
3684
11899
8926
11812
11621
7082
8265
4664
3359
6523
4460
9214
10427
11945
11108
5509
7495
6054
3698
6122
9250
9819
11814
12114
9753
11055
12484
6000
5753
7302
4177
11953
7667
10465
3826
11594
6244
7852
11024
10289
8913
7990
5907
9913
12500
10744
7833
6858
12241
7377
7944
3397
4247
8422
3427
10146
7401
9724
4240
7024
3636
8882
9357
6314
5836
7644
11268
8033
6803
9376
2589
12326
8298
6252
12037
7901
2976
3607
3235
6205
11886
7443
3290
2773
10420
6451
4535
12380
11907
12123
3929
8580
3124
8430
10976
7549
10473
8739
9537
9939
6895
6285
9618
11410
4256
3011
11088
8096
7783
10403
7841
5561
11476
4909
12599
3889
9565
11809
5861
12317
8611
7383
7797
9518
5042
12732
6857
8779
4446
8407
11020
5896
6028
3947
3203
4827
9251
4537
3597
3975
2594
9844
6128
6580
8912
8242
11744
3297
11281
12135
11261
12350
8404
10197
9599
7637
9911
9795
11019
8963
10502
9351
10708
10006
11857
8916
8031
6922
8627
7088
8023
5953
7043
4335
3890
7380
11610
10355
12338
3477
8660
10841
3492
4835
12592
3669
6731
5838
5816
3569
10334
7974
4518
8556
6399
9374
11686
12294
6800
8134
4651
6745
8366
9833
7140
8683
10066
8568
2924
3385
6465
9611
4825
2938
7609
8699
2608
11335
5654
7699
11411
6217
11391
4991
12766
6610
10639
5790
10071
10234
6613
7930
11826
8203
11065
9459
2571
4935
5174
9031
6732
5276
12161
12261
9107
12303
10809
3136
3375
3083
11207
10014
11205
12745
3446
10459
4984
5400
4642
4822
9692
8467
2957
10539
10474
8918
12146
4251
11371
5521
4498
8484
9951
11840
3390
3177
8813
12689
6136
10414
6250
10758
8994
9505
9049
10053
7342
8394
4572
8710
9145
9458
6100
6044
4104
2963
7362
11565
7019
7504
5238
2812
5435
12439
11758
7978
4869
6425
5412
3201
9378
2868
12630
4701
7594
11243
6936
11235
10147
9623
9318
8748
6906
7262
4245
7213
12343
6820
2967
2757
10501
3268
5898
12064
8488
10850
10252
9052
5929
4702
8297
7368
7105
3160
5743
9934
4320
12755
11835
3071
4873
10905
5096
3318
8006
9298
6480
12781
8885
7419
4150
9787
12448
12564
11514
4547
7718
6334
11576
8801
7895
8669
6301
5858
10982
4173
10022
9684
4257
8357
8238
9962
3808
6999
7939
2932
4201
2847
4030
3800
8852
3641
10705
8581
10222
10648
4772
11301
9402
9321
9598
5246
5213
11760
7919
4764
7210
12076
3664
11298
5142
6320
4036
5971
6447
7445
4330
9281
12339
5758
9058
5745
4509
9234
6917
11484
7498
11947
3364
5032
7994
10642
10968
9832
7769
6959
12106
8609
12273
2580
12409
7953
10456
11750
8183
12605
6249
6666
11395
2762
10931
4049
5279
6381
7583
3836
6460
3520
10769
11418
7475
4223
3045
4839
6779
4393
10886
12178
9925
6769
11416
12014
4768
7859
6223
5675
12399
10651
10959
9428
9364
9824
9682
3739
6673
9482
10862
4131
8162
10706
7942
7831
6825
8108
7218
8530
4661
10860
12799
9788
12761
5216
8934
3496
2694
7629
12601
6017
4830
4752
3759
3061
7227
12021
2698
9991
5011
12377
6703
7607
9152
7027
8538
10906
12142
12224
12042
3754
3979
10328
3917
6022
12372
5182
3378
5637
10605
6139
3924
11431
9929
5720
7497
12392
10067
8305
9076
5765
10876
5265
5579
5810
11121
7693
12197
3746
7252
5326
8987
3224
7787
9303
11719
9797
5418
11580
12207
11802
11083
9941
8241
12385
4618
7933
11480
3780
9825
5264
8450
11779
8884
9974
6408
6292
7114
6040
10800
4105
12147
12355
9837
11128
10688
5665
5622
6370
9568
3438
3792
4950
12783
9800
9798
8974
3557
5050
3743
4416
8204
8283
6996
4837
12038
4113
6034
5473
8047
11263
11345
10470
6864
12215
5017
9434
9165
7250
9074
7646
4828
2999
6899
5043
8314
3460
9368
9170
5950
12216
4128
5911
11551
7531
6976
11889
9531
4631
2721
2782
6404
8584
6469
2788
10383
5860
2859
12702
3172
3487
7713
10972
4318
12116
5952
6098
5236
9596
6636
3125
7085
10311
3530
3563
11475
5733
4141
4039
8841
10084
4834
7037
10286
7906
6991
7451
8956
6407
11424
3737
10138
5889
8758
10032
4233
12730
8904
9525
2942
10768
4078
9643
12371
5381
5786
7222
3452
3609
12242
5683
6014
3555
5679
5921
9652
10148
12551
9137
11739
11862
2723
10549
5129
11228
6827
6594
4160
8045
7597
3775
2733
8506
11503
7757
3181
3507
6973
3312
7054
6987
7164
8129
11577
2730
9134
7931
8585
5884
10870
7482
10301
10094
4487
6147
9168
12012
12667
12394
6905
11204
6920
6189
6361
3855
5940
6561
7260
6716
6727
10664
3841
12277
11976
3529
7796
2787
3408
4622
10797
3287
6724
9997
7101
10622
3442
12319
11535
8709
10325
9476
4719
7996
5177
5470
4554
4545
10101
6526
4578
5580
10855
4190
11637
10910
10249
8803
12729
4348
3676
12476
12034
8342
3517
4617
12770
5333
8250
7435
6667
6958
3012
10719
10261
6722
4868
9620
10885
9625
11571
9980
3017
6934
6439
2759
7896
11123
3000
6333
3346
7572
11075
8648
4588
7272
8347
4056
6259
9931
2569
4926
3551
8991
12425
4557
7809
11929
11433
8277
5237
4981
2900
8125
12457
6307
4654
8226
11539
10602
12222
9396
12054
7573
6343
11530
6728
4778
2832
5760
7518
3014
11470
5517
6733
4394
10077
4999
10288
3543
9622
11850
3429
5703
3857
11740
3372
7881
9290
5657
9821
8072
3644
6142
12646
7372
4553
8340
7132
2563
11626
3418
2691
12586
3874
4292
5677
11692
9023
9044
5010
7006
9721
3806
4332
3426
5026
12381
5291
11573
9500
4760
9831
12263
3548
8371
8234
8099
5121
12373
7897
5296
3162
3415
11698
12615
6799
10503
8671
8136
2728
11866
9935
10794
10553
9115
6432
7175
8472
10230
5564
11649
10729
11316
8818
6180
10340
11658
11402
4998
11113
12459
3469
4710
3256
8978
5748
9719
3049
8075
7745
8875
9716
7233
8167
4006
8089
6414
3781
5433
3168
10923
12229
9712
11325
6743
12192
12417
9160
11373
4038
6253
8553
9099
8804
5119
10445
10240
6452
7729
10331
7028
3305
5099
7540
9254
5093
8665
5351
8487
12798
9230
11799
5862
3751
12603
7651
11342
4595
12050
3400
10916
9812
7352
10525
9507
11246
3632
10366
7411
3258
2864
8385
6149
11170
6350
4732
10787
4990
11338
10978
6281
4188
11693
12174
7303
10333
7676
10102
9183
8257
3547
11523
7120
12359
2837
8696
8692
4712
7004
6132
5214
7981
10139
12674
8888
3891
6036
6902
7780
10738
7550
4121
4371
6886
3716
4729
8248
12080
7221
2638
10397
3344
9129
10163
11884
5498
11206
7569
3057
9539
2897
8964
9233
4905
5506
9805
5385
6123
6913
3690
4434
10755
9875
5388
2800
10143
9032
11153
11555
8061
7478
7395
10817
12120
8732
7234
3283
6153
4157
7564
11682
3259
9143
12115
9687
7239
11158
4025
12131
12260
8795
8014
12041
12199
11464
5717
5661
7208
10565
10096
9792
8700
6053
12289
11926
6583
8864
5823
3356
3699
12758
4773
3089
8074
6698
6782
10815
10790
11596
5207
9728
9225
4602
7220
3814
7502
3294
7761
3637
11559
5540
5572
10202
4615
11496
3742
10219
3845
9834
7304
8897
5515
8857
8445
4945
7503
5489
7840
5414
3980
9316
8562
5081
9116
8565
10251
7734
4405
5306
7458
12741
4213
8774
8967
12455
4508
2673
3577
11224
12059
5562
11223
7732
4731
4466
8738
10523
11358
10113
3588
9407
7228
7092
10320
3619
11586
4852
5295
12722
2783
3023
3960
12170
7248
10840
5575
9964
10105
8590
7968
12029
10962
3220
8881
11924
9899
8520
11146
10103
11490
11043
4234
3101
11933
3843
11869
5410
3618
9890
12127
8751
12733
9587
6832
12144
7940
7643
11353
6586
3898
12611
9071
8231
11624
3674
7068
4463
12398
5570
10429
7115
5617
12487
9586
5857
8330
9556
5274
7950
10115
5130
12046
3973
3789
11245
10058
10908
11346
7476
9905
9502
4953
6619
3712
4351
4957
12332
9921
9720
4561
5091
4507
7330
10616
8596
6487
3387
8862
5941
12389
11456
11217
7327
5442
7014
5624
7050
6863
11684
5809
4483
2965
2635
7862
5843
5345
5077
10528
4372
12434
4960
8081
4614
12049
12699
6045
7479
10293
8207
9132
5031
4081
5894
4512
9473
3735
10819
8077
7545
3790
6946
6245
9122
4300
4540
8496
7325
7642
11855
3766
7861
5820
4918
12250
12748
6900
12526
5610
5065
11868
5362
6461
11695
7032
12189
5267
8670
10764
5592
7767
4467
3401
2846
7069
12735
3508
8495
5015
6357
11422
6892
10652
2981
5817
4921
12530
12540
10432
8121
4688
2939
6272
9841
11429
11189
12653
9161
3590
6744
7030
8312
9803
8141
8403
8259
9429
10109
12715
9649
2820
10026
4930
10779
4488
3932
11956
4236
10586
10631
5197
9095
2804
8466
2863
9891
10998
3527
9928
5565
5220
9276
9942
8602
3589
6068
5487
3326
4937
7842
5512
4804
8976
7345
7733
4493
6143
9270
2934
11381
10971
6970
4901
12366
8219
5636
8689
7818
10052
9838
7144
6816
10119
4711
11793
9975
3280
9578
5460
11773
10256
3109
6047
9018
3774
7418
4888
9423
5367
11499
2749
8010
5792
11069
11230
10827
11405
9815
5025
4879
9356
10162
9203
5126
12507
9012
2649
11605
6411
6894
4499
9002
7165
6570
10069
9269
4422
11627
7778
4750
10015
3171
8179
9697
11636
3701
2761
4517
3148
4668
3488
9808
10612
4111
8793
8091
12534
9511
5072
8426
3119
8780
6360
5910
11784
3055
5280
5981
9663
3147
3842
4562
8264
7491
4676
10620
6321
7385
8457
6577
8651
5241
6574
7740
8938
2644
12607
11360
9859
4290
7795
10365
10926
3033
4851
7708
5497
4026
6317
6956
10064
12145
5866
4670
4964
11591
10527
6082
6591
10509
4680
9845
8170
4209
3393
11939
6887
7777
7758
9101
5696
11797
4307
4259
10382
4807
11992
5543
6762
9907
3576
5523
11993
10871
7902
5188
11878
8832
4987
5457
8331
11865
6248
11761
2923
3353
2693
10534
7995
9976
4779
4792
3068
12482
9082
12403
9830
10321
6595
12397
11436
6563
7271
8078
6179
9760
9078
3549
4949
8429
10062
3827
11678
3515
11776
8201
11632
8464
12361
6537
6542
5590
7905
8983
10111
9441
10974
7413
11445
8512
4986
2856
2601
12541
12007
7035
8628
5312
9647
4599
11479
10019
3108
6110
5695
9743
9392
5409
10400
11723
4794
7836
11103
12362
8491
3687
6606
3027
6533
11421
11697
10710
6852
5465
2905
4947
3092
4149
10061
7031
10302
12100
4167
9717
8432
4047
9039
5676
10279
7661
3685
4644
7098
5510
11752
7472
3595
7538
9498
10110
5051
7814
4496
6081
5173
5191
3753
6094
6611
5609
2877
7313
6602
10844
10946
2643
6928
6736
4302
5098
2655
5477
11119
9201
5887
10687
7364
11442
9904
11629
4874
10671
6801
9413
8485
3301
6717
6558
11407
6969
4795
6646
12573
11759
4027
4367
10691
9075
2766
5832
5311
4362
11898
12288
8635
3183
2781
3721
7215
9949
8189
6985
12227
5632
5559
10118
8420
6043
12388
3079
4961
11317
10786
12083
11917
3963
9461
8268
11324
4440
7815
8015
8559
7444
8827
2564
5396
6467
6198
4586
3004
5577
10060
8334
6385
3897
12200
2883
3457
8923
4433
6035
4450
10291
6086
10245
12226
6749
6078
3292
6344
4390
5078
7276
4252
9367
6327
7191
6584
12057
4035
6192
12684
10838
6593
12718
12588
5427
6131
12694
7843
6502
7121
8440
9263
10660
9636
4623
11574
3309
5210
11960
3137
5844
10469
7118
7367
3726
10653
5143
12237
7338
4627
4272
12015
3782
8799
11074
4473
5508
3142
5569
5021
7369
3656
9446
3180
5751
12767
4583
3516
8969
3772
8895
8354
8063
11396
6654
11706
6109
12035
2598
9317
7481
5318
7379
12728
8180
12217
2627
3949
2873
12736
11606
5134
8122
11076
6379
11824
6515
12752
9489
11957
3434
5455
2712
4146
12720
12643
8906
11817
8092
10899
3306
7877
12019
12345
2566
7236
10521
11469
4083
8663
10237
4158
12139
11783
9509
3213
9670
8437
5949
3722
8929
8337
10314
12279
8255
5167
2562
4021
6490
4911
10803
7309
8303
11721
5467
5242
2904
12557
7623
12070
11127
9399
3931
10499
10658
10613
4211
8851
7199
4018
8652
6904
12676
7903
5664
6624
10548
10489
4384
2964
2666
3974
11191
9501
11963
6965
9089
11839
11071
10372
5319
4202
6641
3077
7652
10076
6374
10545
8172
6648
8106
5969
3668
4954
5899
11250
5183
7169
8453
9898
9573
4411
9799
3238
11815
8845
9987
10495
10170
3380
11419
7603
10423
10437
3410
10958
9858
9454
2586
2909
8516
7283
4094
8379
5648
10894
9336
7671
6431
10335
6328
12477
3275
3373
12713
6019
5794
9820
12472
12382
2584
11009
3866
7966
9332
8564
11218
11272
3369
9582
4271
11408
10232
4995
7735
7869
12290
10697
11569
7295
3155
9994
10412
9706
5079
4255
3681
12328
9124
11680
4492
5968
9497
11893
6093
3310
5574
4224
3062
2748
9384
9575
6138
12673
10878
5731
5172
9930
2867
5462
3846
11774
12071
10098
3788
5532
9802
3938
9639
4694
2853
10554
3601
8223
10637
9471
3465
10890
4681
7800
7695
7921
2977
4418
9310
12311
8367
12589
12274
9300
8806
7059
7417
5212
12750
7698
9916
7452
6063
9054
12506
8873
10394
2570
7936
10770
8300
9952
7001
12616
7696
2652
9380
7447
12666
5537
4189
10518
3532
11995
8127
6326
7917
5314
7653
3967
8328
7544
10199
9177
3919
10200
5359
9541
8601
9521
10577
8486
9258
7585
11473
12460
11279
5004
12511
8210
7655
6571
7875
3082
4771
6356
9967
11018
2886
9011
7211
5583
12313
12640
2660
7460
11788
11462
8930
5229
9386
4387
5013
8708
9817
2826
3179
12056
9271
2582
10178
9090
7511
8995
8082
5108
4180
11036
4082
7834
9094
4724
4929
11430
11921
7243
9040
12210
10239
9340
6984
9480
11426
4861
7142
8805
5478
6509
6778
5705
6615
8725
11791
10808
4940
5771
8225
7998
11607
10342
10618
3289
8282
4974
7324
12188
9176
11553
6939
12284
9422
12128
10963
8540
6233
6972
5260
11504
10573
3552
7982
12308
6059
10864
11792
12602
6160
9439
6679
12101
10007
9933
8463
3476
6980
12184
3342
7319
3489
10718
5629
11417
9627
6567
6597
11709
8698
11700
10086
4428
6723
9664
6507
10820
6808
8871
6338
5767
4125
5270
10692
7685
4115
7130
8323
5157
4523
5369
10224
7557
10570
10218
9550
5689
2902
11920
10116
6008
9135
3915
11364
9113
11156
6290
6686
7339
11363
10034
3578
5155
5266
4040
11912
2974
4709
6288
9048
2946
4793
10150
6007
8650
5273
6498
3021
8661
10740
8137
5943
3794
5234
4691
9774
4859
11507
11518
3485
11401
3540
9297
4881
11930
9216
11780
3365
10700
7675
10444
12577
11222
11225
10512
12291
3225
12579
5226
9713
2768
4489
5180
11282
9193
9362
11713
6968
5373
7860
9068
7616
11681
11392
11735
4715
10579
5528
10812
9133
6813
11326
8711
10578
5944
7712
9711
11357
8608
4799
6525
11615
7826
10336
10785
9979
3022
11602
10093
5168
9978
10464
8290
6241
6538
8209
4802
4341
5301
2664
8659
4976
10989
4261
6114
11662
4543
2810
4853
4075
4952
6368
9960
8714
10049
9241
11703
8521
8766
4011
3104
8507
11404
10714
2705
8825
7158
11756
9947
9940
9543
4625
6588
3173
11544
5430
6551
7813
7289
6074
11520
12528
11834
7673
5374
9372
3628
12632
8479
7057
6621
3111
12166
8500
3233
2633
3031
